52
53
64
65
67
114
115
116
117
118
119
133
134
136
152
156
158
163
164
168
170
172
175
176
177
185
186
191
192
193
194
196
198
199
200
201
205
209
210
213
214
215
217
220
223
224
225
226
231
232
233
234
235
236
237
238
239
241
243
244
245
246
248
258
260
261
262
263
264
266
267
268
269
270
271
272
273
274
275
276
277
279
280
286
290
291
292
293
295
303
305
307
308
315
316
333
336
338
340
341
342
343
345
346
347
348
350
351
353
354
356
357
358
360
364
372
382
383
384
385
386
387
388
389
390
391
392
393
396
397
399
417
